15502 0
47 1
57 2
83 3
141 4
193 5
157 6
103 7
145 8
129 9
189 10
145 11
184 12
150 13
248 14
173 15
245 16
153 17
198 18
165 19
172 20
172 21
171 22
164 23
158 24
170 25
184 26
208 27
249 28
283 29
332 30
353 31
403 32
467 33
529 34
550 35
690 36
710 37
768 38
834 39
880 40
1074 41
1079 42
1312 43
1340 44
1367 45
1504 46
1688 47
1846 48
2003 49
2168 50
2402 51
2600 52
2813 53
3127 54
3240 55
3529 56
3901 57
4209 58
4687 59
5029 60
5727 61
6196 62
6802 63
7469 64
7980 65
8517 66
9041 67
9746 68
10527 69
11613 70
12172 71
13129 72
14265 73
15199 74
15922 75
16697 76
17525 77
18255 78
19319 79
20386 80
20948 81
22652 82
23464 83
24530 84
25272 85
26002 86
26570 87
27476 88
28049 89
28644 90
29943 91
30119 92
30878 93
32606 94
34191 95
41595 96
68891 97
223804 98
7165304 101
