15742 0
39 1
55 2
80 3
137 4
191 5
152 6
98 7
148 8
126 9
188 10
149 11
182 12
145 13
246 14
171 15
244 16
151 17
193 18
160 19
169 20
167 21
161 22
152 23
145 24
161 25
171 26
193 27
239 28
268 29
315 30
335 31
383 32
444 33
519 34
535 35
670 36
687 37
755 38
818 39
861 40
1054 41
1061 42
1283 43
1318 44
1341 45
1496 46
1659 47
1818 48
1978 49
2141 50
2379 51
2573 52
2802 53
3113 54
3234 55
3526 56
3880 57
4185 58
4667 59
4997 60
5704 61
6167 62
6813 63
7739 64
7959 65
8498 66
8998 67
9728 68
10517 69
11571 70
12150 71
13094 72
14231 73
15163 74
15896 75
16666 76
17477 77
18217 78
19258 79
20351 80
20912 81
22600 82
23437 83
24430 84
25142 85
25924 86
26492 87
27400 88
27917 89
28488 90
29730 91
29799 92
30743 93
32410 94
33236 95
39469 96
61582 97
169802 98
7232237 101
