399 0
2 3
1 5
2 9
1 11
5 12
2 13
1 14
3 15
5 16
4 17
4 18
2 19
4 20
4 21
9 22
10 23
12 24
15 25
16 26
17 27
27 28
31 29
51 30
45 31
40 32
45 33
44 34
60 35
58 36
69 37
75 38
81 39
86 40
92 41
108 42
98 43
122 44
94 45
112 46
116 47
126 48
148 49
150 50
185 51
199 52
198 53
213 54
237 55
246 56
278 57
296 58
296 59
329 60
351 61
412 62
421 63
446 64
480 65
469 66
561 67
641 68
650 69
698 70
746 71
834 72
879 73
890 74
984 75
1077 76
1052 77
1192 78
1268 79
1345 80
1401 81
1540 82
1557 83
1778 84
1936 85
2008 86
2109 87
2161 88
2343 89
2612 90
2853 91
2755 92
2927 93
3112 94
3667 95
9643 96
29187 97
125616 98
6654035 101
