    392 0
      1 1
      1 2
      3 3
      2 5
      1 6
      1 7
      4 9
      1 11
      4 12
      4 13
      1 14
      3 15
      7 16
      6 17
      8 18
      5 19
      4 20
     11 21
     14 22
     14 23
     22 24
     26 25
     24 26
     31 27
     37 28
     40 29
     66 30
     60 31
     57 32
     58 33
     66 34
     71 35
     78 36
     76 37
     87 38
    102 39
    103 40
    107 41
    130 42
    125 43
    138 44
    115 45
    127 46
    139 47
    140 48
    166 49
    169 50
    203 51
    217 52
    226 53
    237 54
    253 55
    270 56
    303 57
    322 58
    316 59
    359 60
    384 61
    445 62
    453 63
    474 64
    506 65
    503 66
    596 67
    667 68
    684 69
    734 70
    780 71
    858 72
    920 73
    918 74
   1015 75
   1101 76
   1076 77
   1220 78
   1300 79
   1381 80
   1435 81
   1588 82
   1586 83
   1797 84
   1975 85
   2036 86
   2153 87
   2204 88
   2432 89
   2758 90
   2983 91
   2908 92
   2968 93
   3222 94
   4457 95
  10579 96
  35978 97
 163492 98
6605390 101
